726
100
134 695
102 592
79 389
110 534
138 635
67 384
21 90
193 1124
79 374
58 338
148 625
52 247
40 218
31 145
154 916
143 810
63 362
67 276
95 440
125 617
82 395
117 534
180 922
128 694
191 783
69 405
76 410
54 277
98 583
188 976
114 571
108 608
216 1120
132 705
149 743
241 1444
51 300
15 84
74 348
200 1092
229 1324
48 197
63 341
172 762
72 394
102 577
190 872
21 123
9 42
89 530
152 722
168 924
176 757
263 1101
131 766
52 219
75 374
65 332
57 244
22 116
57 317
244 1286
91 465
242 1231
48 195
163 851
139 650
82 331
187 839
261 1384
95 441
60 323
98 474
29 142
47 203
36 207
27 156
65 356
77 325
58 310
73 389
207 1213
39 229
107 631
183 927
101 469
114 608
141 757
119 549
111 594
223 973
165 875
170 928
112 519
22 106
262 1076
31 137
104 433
208 1044
119 700